(kicad_pcb (version 20171130) (host pcbnew "(5.1.4)-1")

  (general
    (thickness 1.6)
    (drawings 20)
    (tracks 381)
    (zones 0)
    (modules 55)
    (nets 121)
  )

  (page A4)
  (layers
    (0 F.Cu signal)
    (31 B.Cu signal)
    (32 B.Adhes user)
    (33 F.Adhes user)
    (34 B.Paste user)
    (35 F.Paste user)
    (36 B.SilkS user)
    (37 F.SilkS user)
    (38 B.Mask user)
    (39 F.Mask user)
    (40 Dwgs.User user)
    (41 Cmts.User user)
    (42 Eco1.User user hide)
    (43 Eco2.User user)
    (44 Edge.Cuts user)
    (45 Margin user)
    (46 B.CrtYd user)
    (47 F.CrtYd user)
    (48 B.Fab user)
    (49 F.Fab user)
  )

  (setup
    (last_trace_width 0.25)
    (trace_clearance 0.2)
    (zone_clearance 0.508)
    (zone_45_only no)
    (trace_min 0.2)
    (via_size 0.8)
    (via_drill 0.4)
    (via_min_size 0.4)
    (via_min_drill 0.3)
    (uvia_size 0.3)
    (uvia_drill 0.1)
    (uvias_allowed no)
    (uvia_min_size 0.2)
    (uvia_min_drill 0.1)
    (edge_width 0.1)
    (segment_width 0.2)
    (pcb_text_width 0.3)
    (pcb_text_size 1.5 1.5)
    (mod_edge_width 0.15)
    (mod_text_size 1 1)
    (mod_text_width 0.15)
    (pad_size 1.524 1.524)
    (pad_drill 0.762)
    (pad_to_mask_clearance 0)
    (aux_axis_origin 0 0)
    (visible_elements 7FFFFFFF)
    (pcbplotparams
      (layerselection 0x010fc_ffffffff)
      (usegerberextensions false)
      (usegerberattributes false)
      (usegerberadvancedattributes false)
      (creategerberjobfile false)
      (excludeedgelayer true)
      (linewidth 0.100000)
      (plotframeref false)
      (viasonmask false)
      (mode 1)
      (useauxorigin false)
      (hpglpennumber 1)
      (hpglpenspeed 20)
      (hpglpendiameter 15.000000)
      (psnegative false)
      (psa4output false)
      (plotreference true)
      (plotvalue true)
      (plotinvisibletext false)
      (padsonsilk false)
      (subtractmaskfromsilk false)
      (outputformat 1)
      (mirror false)
      (drillshape 1)
      (scaleselection 1)
      (outputdirectory ""))
  )

  (net 0 "")
  (net 1 "Net-(D1-Pad3)")
  (net 2 "Net-(D1-Pad2)")
  (net 3 "Net-(D1-Pad1)")
  (net 4 "Net-(D2-Pad1)")
  (net 5 "Net-(D2-Pad2)")
  (net 6 "Net-(D2-Pad3)")
  (net 7 "Net-(D3-Pad3)")
  (net 8 "Net-(D3-Pad2)")
  (net 9 "Net-(D3-Pad1)")
  (net 10 "Net-(D4-Pad1)")
  (net 11 "Net-(D4-Pad2)")
  (net 12 "Net-(D4-Pad3)")
  (net 13 "Net-(D5-Pad1)")
  (net 14 "Net-(D5-Pad2)")
  (net 15 "Net-(D5-Pad3)")
  (net 16 "Net-(D6-Pad1)")
  (net 17 "Net-(D6-Pad2)")
  (net 18 "Net-(D6-Pad3)")
  (net 19 "Net-(D7-Pad3)")
  (net 20 "Net-(D7-Pad2)")
  (net 21 "Net-(D7-Pad1)")
  (net 22 "Net-(D8-Pad3)")
  (net 23 "Net-(D8-Pad2)")
  (net 24 "Net-(D8-Pad1)")
  (net 25 "Net-(D9-Pad1)")
  (net 26 "Net-(D9-Pad3)")
  (net 27 "Net-(D10-Pad1)")
  (net 28 "Net-(D10-Pad3)")
  (net 29 "Net-(D11-Pad3)")
  (net 30 "Net-(D11-Pad1)")
  (net 31 "Net-(D12-Pad3)")
  (net 32 "Net-(D12-Pad1)")
  (net 33 "Net-(R1-Pad1)")
  (net 34 "Net-(R2-Pad1)")
  (net 35 "Net-(R3-Pad1)")
  (net 36 "Net-(R4-Pad1)")
  (net 37 "Net-(R5-Pad1)")
  (net 38 "Net-(R10-Pad1)")
  (net 39 "Net-(R7-Pad1)")
  (net 40 "Net-(R8-Pad1)")
  (net 41 "Net-(R9-Pad1)")
  (net 42 "Net-(R11-Pad1)")
  (net 43 "Net-(R12-Pad1)")
  (net 44 "Net-(R13-Pad1)")
  (net 45 "Net-(R14-Pad1)")
  (net 46 "Net-(R15-Pad1)")
  (net 47 "Net-(R16-Pad1)")
  (net 48 "Net-(R17-Pad1)")
  (net 49 "Net-(R18-Pad1)")
  (net 50 "Net-(R19-Pad1)")
  (net 51 "Net-(R20-Pad1)")
  (net 52 "Net-(R21-Pad1)")
  (net 53 "Net-(R22-Pad1)")
  (net 54 "Net-(R23-Pad1)")
  (net 55 "Net-(R24-Pad1)")
  (net 56 /GND)
  (net 57 /ADC_CH1)
  (net 58 /ADC_CH2)
  (net 59 /ADC_CH3)
  (net 60 /ADC_CH4)
  (net 61 /3.3V)
  (net 62 /5V)
  (net 63 /GPIO2)
  (net 64 /GPIO3)
  (net 65 /GPIO04)
  (net 66 /GPIO14)
  (net 67 /GPIO15)
  (net 68 /GPIO17)
  (net 69 /GPIO18)
  (net 70 /GPIO27)
  (net 71 /GPIO22)
  (net 72 /GPIO23)
  (net 73 /GPIO24)
  (net 74 /GPIO10)
  (net 75 /GPIO9)
  (net 76 /GPIO25)
  (net 77 /GPIO11)
  (net 78 /GPIO8)
  (net 79 /GPIO7)
  (net 80 /ID_SD)
  (net 81 /ID_SC)
  (net 82 /GPIO5)
  (net 83 /GPIO6)
  (net 84 /GPIO12)
  (net 85 /GPIO13)
  (net 86 /GPIO19)
  (net 87 /GPIO16)
  (net 88 /GPIO26)
  (net 89 /GPIO20)
  (net 90 /GPIO21)
  (net 91 /U1_QA)
  (net 92 /U2_QA)
  (net 93 /U3_QA)
  (net 94 /U1_QB)
  (net 95 /U2_QB)
  (net 96 /U3_QB)
  (net 97 /U1_QC)
  (net 98 /U2_QC)
  (net 99 /U3_QC)
  (net 100 /U1_QD)
  (net 101 /U2_QD)
  (net 102 /U3_QD)
  (net 103 /U1_QE)
  (net 104 /U2_QE)
  (net 105 /U3_QE)
  (net 106 /U1_QF)
  (net 107 /U2_QF)
  (net 108 /U3_QF)
  (net 109 /U1_QG)
  (net 110 /U2_QG)
  (net 111 /U3_QG)
  (net 112 /U1_QH)
  (net 113 /U2_QH)
  (net 114 /U3_QH)
  (net 115 "Net-(R29-Pad2)")
  (net 116 /ADC_CH0)
  (net 117 /GPIO09)
  (net 118 "Net-(U4-Pad8)")
  (net 119 "Net-(U4-Pad7)")
  (net 120 "Net-(U4-Pad6)")

  (net_class Default "This is the default net class."
    (clearance 0.2)
    (trace_width 0.25)
    (via_dia 0.8)
    (via_drill 0.4)
    (uvia_dia 0.3)
    (uvia_drill 0.1)
    (add_net /3.3V)
    (add_net /5V)
    (add_net /ADC_CH0)
    (add_net /ADC_CH1)
    (add_net /ADC_CH2)
    (add_net /ADC_CH3)
    (add_net /ADC_CH4)
    (add_net /GND)
    (add_net /GPIO04)
    (add_net /GPIO09)
    (add_net /GPIO10)
    (add_net /GPIO11)
    (add_net /GPIO12)
    (add_net /GPIO13)
    (add_net /GPIO14)
    (add_net /GPIO15)
    (add_net /GPIO16)
    (add_net /GPIO17)
    (add_net /GPIO18)
    (add_net /GPIO19)
    (add_net /GPIO2)
    (add_net /GPIO20)
    (add_net /GPIO21)
    (add_net /GPIO22)
    (add_net /GPIO23)
    (add_net /GPIO24)
    (add_net /GPIO25)
    (add_net /GPIO26)
    (add_net /GPIO27)
    (add_net /GPIO3)
    (add_net /GPIO5)
    (add_net /GPIO6)
    (add_net /GPIO7)
    (add_net /GPIO8)
    (add_net /GPIO9)
    (add_net /ID_SC)
    (add_net /ID_SD)
    (add_net /U1_QA)
    (add_net /U1_QB)
    (add_net /U1_QC)
    (add_net /U1_QD)
    (add_net /U1_QE)
    (add_net /U1_QF)
    (add_net /U1_QG)
    (add_net /U1_QH)
    (add_net /U2_QA)
    (add_net /U2_QB)
    (add_net /U2_QC)
    (add_net /U2_QD)
    (add_net /U2_QE)
    (add_net /U2_QF)
    (add_net /U2_QG)
    (add_net /U2_QH)
    (add_net /U3_QA)
    (add_net /U3_QB)
    (add_net /U3_QC)
    (add_net /U3_QD)
    (add_net /U3_QE)
    (add_net /U3_QF)
    (add_net /U3_QG)
    (add_net /U3_QH)
    (add_net "Net-(D1-Pad1)")
    (add_net "Net-(D1-Pad2)")
    (add_net "Net-(D1-Pad3)")
    (add_net "Net-(D10-Pad1)")
    (add_net "Net-(D10-Pad3)")
    (add_net "Net-(D11-Pad1)")
    (add_net "Net-(D11-Pad3)")
    (add_net "Net-(D12-Pad1)")
    (add_net "Net-(D12-Pad3)")
    (add_net "Net-(D2-Pad1)")
    (add_net "Net-(D2-Pad2)")
    (add_net "Net-(D2-Pad3)")
    (add_net "Net-(D3-Pad1)")
    (add_net "Net-(D3-Pad2)")
    (add_net "Net-(D3-Pad3)")
    (add_net "Net-(D4-Pad1)")
    (add_net "Net-(D4-Pad2)")
    (add_net "Net-(D4-Pad3)")
    (add_net "Net-(D5-Pad1)")
    (add_net "Net-(D5-Pad2)")
    (add_net "Net-(D5-Pad3)")
    (add_net "Net-(D6-Pad1)")
    (add_net "Net-(D6-Pad2)")
    (add_net "Net-(D6-Pad3)")
    (add_net "Net-(D7-Pad1)")
    (add_net "Net-(D7-Pad2)")
    (add_net "Net-(D7-Pad3)")
    (add_net "Net-(D8-Pad1)")
    (add_net "Net-(D8-Pad2)")
    (add_net "Net-(D8-Pad3)")
    (add_net "Net-(D9-Pad1)")
    (add_net "Net-(D9-Pad3)")
    (add_net "Net-(R1-Pad1)")
    (add_net "Net-(R10-Pad1)")
    (add_net "Net-(R11-Pad1)")
    (add_net "Net-(R12-Pad1)")
    (add_net "Net-(R13-Pad1)")
    (add_net "Net-(R14-Pad1)")
    (add_net "Net-(R15-Pad1)")
    (add_net "Net-(R16-Pad1)")
    (add_net "Net-(R17-Pad1)")
    (add_net "Net-(R18-Pad1)")
    (add_net "Net-(R19-Pad1)")
    (add_net "Net-(R2-Pad1)")
    (add_net "Net-(R20-Pad1)")
    (add_net "Net-(R21-Pad1)")
    (add_net "Net-(R22-Pad1)")
    (add_net "Net-(R23-Pad1)")
    (add_net "Net-(R24-Pad1)")
    (add_net "Net-(R29-Pad2)")
    (add_net "Net-(R3-Pad1)")
    (add_net "Net-(R4-Pad1)")
    (add_net "Net-(R5-Pad1)")
    (add_net "Net-(R7-Pad1)")
    (add_net "Net-(R8-Pad1)")
    (add_net "Net-(R9-Pad1)")
    (add_net "Net-(U4-Pad6)")
    (add_net "Net-(U4-Pad7)")
    (add_net "Net-(U4-Pad8)")
  )

  (module LED_THT:LED_D5.0mm-4_RGB_Wide_Pins (layer F.Cu) (tedit 5B74F76E) (tstamp 5DF48D01)
    (at 172.72 86.36 270)
    (descr "LED, diameter 5.0mm, 2 pins, diameter 5.0mm, 3 pins, diameter 5.0mm, 4 pins, http://www.kingbright.com/attachments/file/psearch/000/00/00/L-154A4SUREQBFZGEW(Ver.9A).pdf")
    (tags "LED diameter 5.0mm 2 pins diameter 5.0mm 3 pins diameter 5.0mm 4 pins RGB RGBLED")
    (path /5DF2473C)
    (fp_text reference D4 (at 3.2385 -3.96 90) (layer F.SilkS)
      (effects (font (size 1 1) (thickness 0.15)))
    )
    (fp_text value LED_RGBA (at 3.2385 3.96 90) (layer F.Fab)
      (effects (font (size 1 1) (thickness 0.15)))
    )
    (fp_text user %R (at 3.2385 -3.96 90) (layer F.Fab)
      (effects (font (size 1 1) (thickness 0.15)))
    )
    (fp_line (start 7.56 -3.25) (end -1.08 -3.25) (layer F.CrtYd) (width 0.05))
    (fp_line (start 7.56 3.25) (end 7.56 -3.25) (layer F.CrtYd) (width 0.05))
    (fp_line (start -1.08 3.25) (end 7.56 3.25) (layer F.CrtYd) (width 0.05))
    (fp_line (start -1.08 -3.25) (end -1.08 3.25) (layer F.CrtYd) (width 0.05))
    (fp_line (start 0.6785 1.08) (end 0.6785 1.545) (layer F.SilkS) (width 0.12))
    (fp_line (start 0.6785 -1.545) (end 0.6785 -1.08) (layer F.SilkS) (width 0.12))
    (fp_line (start 0.7385 -1.469694) (end 0.7385 1.469694) (layer F.Fab) (width 0.1))
    (fp_circle (center 3.2385 0) (end 5.7385 0) (layer F.Fab) (width 0.1))
    (fp_arc (start 3.2385 0) (end 0.983816 1.08) (angle -128.8) (layer F.SilkS) (width 0.12))
    (fp_arc (start 3.2385 0) (end 0.983816 -1.08) (angle 128.8) (layer F.SilkS) (width 0.12))
    (fp_arc (start 3.2385 0) (end 0.6785 1.54483) (angle -127.7) (layer F.SilkS) (width 0.12))
    (fp_arc (start 3.2385 0) (end 0.6785 -1.54483) (angle 127.7) (layer F.SilkS) (width 0.12))
    (fp_arc (start 3.2385 0) (end 0.7385 -1.469694) (angle 299.1) (layer F.Fab) (width 0.1))
    (pad 4 thru_hole circle (at 6.477 0 270) (size 1.8 1.8) (drill 0.9) (layers *.Cu *.Mask)
      (net 56 /GND))
    (pad 3 thru_hole circle (at 4.318 0 270) (size 1.8 1.8) (drill 0.9) (layers *.Cu *.Mask)
      (net 12 "Net-(D4-Pad3)"))
    (pad 2 thru_hole circle (at 2.159 0 270) (size 1.8 1.8) (drill 0.9) (layers *.Cu *.Mask)
      (net 11 "Net-(D4-Pad2)"))
    (pad 1 thru_hole rect (at 0 0 270) (size 1.8 1.8) (drill 0.9) (layers *.Cu *.Mask)
      (net 10 "Net-(D4-Pad1)"))
    (model ${KISYS3DMOD}/LED_THT.3dshapes/LED_D5.0mm-4_RGB_Wide_Pins.wrl
      (at (xyz 0 0 0))
      (scale (xyz 1 1 1))
      (rotate (xyz 0 0 0))
    )
  )

  (module LED_THT:LED_D5.0mm-4_RGB_Wide_Pins (layer F.Cu) (tedit 5B74F76E) (tstamp 5DF48CBF)
    (at 172.72 113.03 270)
    (descr "LED, diameter 5.0mm, 2 pins, diameter 5.0mm, 3 pins, diameter 5.0mm, 4 pins, http://www.kingbright.com/attachments/file/psearch/000/00/00/L-154A4SUREQBFZGEW(Ver.9A).pdf")
    (tags "LED diameter 5.0mm 2 pins diameter 5.0mm 3 pins diameter 5.0mm 4 pins RGB RGBLED")
    (path /5DE14958)
    (fp_text reference D1 (at 3.2385 -3.96 90) (layer F.SilkS)
      (effects (font (size 1 1) (thickness 0.15)))
    )
    (fp_text value LED_RGBA (at 3.2385 3.96 90) (layer F.Fab)
      (effects (font (size 1 1) (thickness 0.15)))
    )
    (fp_text user %R (at 3.2385 -3.96 90) (layer F.Fab)
      (effects (font (size 1 1) (thickness 0.15)))
    )
    (fp_line (start 7.56 -3.25) (end -1.08 -3.25) (layer F.CrtYd) (width 0.05))
    (fp_line (start 7.56 3.25) (end 7.56 -3.25) (layer F.CrtYd) (width 0.05))
    (fp_line (start -1.08 3.25) (end 7.56 3.25) (layer F.CrtYd) (width 0.05))
    (fp_line (start -1.08 -3.25) (end -1.08 3.25) (layer F.CrtYd) (width 0.05))
    (fp_line (start 0.6785 1.08) (end 0.6785 1.545) (layer F.SilkS) (width 0.12))
    (fp_line (start 0.6785 -1.545) (end 0.6785 -1.08) (layer F.SilkS) (width 0.12))
    (fp_line (start 0.7385 -1.469694) (end 0.7385 1.469694) (layer F.Fab) (width 0.1))
    (fp_circle (center 3.2385 0) (end 5.7385 0) (layer F.Fab) (width 0.1))
    (fp_arc (start 3.2385 0) (end 0.983816 1.08) (angle -128.8) (layer F.SilkS) (width 0.12))
    (fp_arc (start 3.2385 0) (end 0.983816 -1.08) (angle 128.8) (layer F.SilkS) (width 0.12))
    (fp_arc (start 3.2385 0) (end 0.6785 1.54483) (angle -127.7) (layer F.SilkS) (width 0.12))
    (fp_arc (start 3.2385 0) (end 0.6785 -1.54483) (angle 127.7) (layer F.SilkS) (width 0.12))
    (fp_arc (start 3.2385 0) (end 0.7385 -1.469694) (angle 299.1) (layer F.Fab) (width 0.1))
    (pad 4 thru_hole circle (at 6.477 0 270) (size 1.8 1.8) (drill 0.9) (layers *.Cu *.Mask)
      (net 56 /GND))
    (pad 3 thru_hole circle (at 4.318 0 270) (size 1.8 1.8) (drill 0.9) (layers *.Cu *.Mask)
      (net 1 "Net-(D1-Pad3)"))
    (pad 2 thru_hole circle (at 2.159 0 270) (size 1.8 1.8) (drill 0.9) (layers *.Cu *.Mask)
      (net 2 "Net-(D1-Pad2)"))
    (pad 1 thru_hole rect (at 0 0 270) (size 1.8 1.8) (drill 0.9) (layers *.Cu *.Mask)
      (net 3 "Net-(D1-Pad1)"))
    (model ${KISYS3DMOD}/LED_THT.3dshapes/LED_D5.0mm-4_RGB_Wide_Pins.wrl
      (at (xyz 0 0 0))
      (scale (xyz 1 1 1))
      (rotate (xyz 0 0 0))
    )
  )

  (module LED_THT:LED_D5.0mm-4_RGB_Wide_Pins (layer F.Cu) (tedit 5B74F76E) (tstamp 5DF48CD5)
    (at 172.72 104.14 270)
    (descr "LED, diameter 5.0mm, 2 pins, diameter 5.0mm, 3 pins, diameter 5.0mm, 4 pins, http://www.kingbright.com/attachments/file/psearch/000/00/00/L-154A4SUREQBFZGEW(Ver.9A).pdf")
    (tags "LED diameter 5.0mm 2 pins diameter 5.0mm 3 pins diameter 5.0mm 4 pins RGB RGBLED")
    (path /5DE16FF0)
    (fp_text reference D2 (at 3.2385 -3.96 90) (layer F.SilkS)
      (effects (font (size 1 1) (thickness 0.15)))
    )
    (fp_text value LED_RGBA (at 3.2385 3.96 90) (layer F.Fab)
      (effects (font (size 1 1) (thickness 0.15)))
    )
    (fp_text user %R (at 3.2385 -3.96 90) (layer F.Fab)
      (effects (font (size 1 1) (thickness 0.15)))
    )
    (fp_line (start 7.56 -3.25) (end -1.08 -3.25) (layer F.CrtYd) (width 0.05))
    (fp_line (start 7.56 3.25) (end 7.56 -3.25) (layer F.CrtYd) (width 0.05))
    (fp_line (start -1.08 3.25) (end 7.56 3.25) (layer F.CrtYd) (width 0.05))
    (fp_line (start -1.08 -3.25) (end -1.08 3.25) (layer F.CrtYd) (width 0.05))
    (fp_line (start 0.6785 1.08) (end 0.6785 1.545) (layer F.SilkS) (width 0.12))
    (fp_line (start 0.6785 -1.545) (end 0.6785 -1.08) (layer F.SilkS) (width 0.12))
    (fp_line (start 0.7385 -1.469694) (end 0.7385 1.469694) (layer F.Fab) (width 0.1))
    (fp_circle (center 3.2385 0) (end 5.7385 0) (layer F.Fab) (width 0.1))
    (fp_arc (start 3.2385 0) (end 0.983816 1.08) (angle -128.8) (layer F.SilkS) (width 0.12))
    (fp_arc (start 3.2385 0) (end 0.983816 -1.08) (angle 128.8) (layer F.SilkS) (width 0.12))
    (fp_arc (start 3.2385 0) (end 0.6785 1.54483) (angle -127.7) (layer F.SilkS) (width 0.12))
    (fp_arc (start 3.2385 0) (end 0.6785 -1.54483) (angle 127.7) (layer F.SilkS) (width 0.12))
    (fp_arc (start 3.2385 0) (end 0.7385 -1.469694) (angle 299.1) (layer F.Fab) (width 0.1))
    (pad 4 thru_hole circle (at 6.477 0 270) (size 1.8 1.8) (drill 0.9) (layers *.Cu *.Mask)
      (net 56 /GND))
    (pad 3 thru_hole circle (at 4.318 0 270) (size 1.8 1.8) (drill 0.9) (layers *.Cu *.Mask)
      (net 6 "Net-(D2-Pad3)"))
    (pad 2 thru_hole circle (at 2.159 0 270) (size 1.8 1.8) (drill 0.9) (layers *.Cu *.Mask)
      (net 5 "Net-(D2-Pad2)"))
    (pad 1 thru_hole rect (at 0 0 270) (size 1.8 1.8) (drill 0.9) (layers *.Cu *.Mask)
      (net 4 "Net-(D2-Pad1)"))
    (model ${KISYS3DMOD}/LED_THT.3dshapes/LED_D5.0mm-4_RGB_Wide_Pins.wrl
      (at (xyz 0 0 0))
      (scale (xyz 1 1 1))
      (rotate (xyz 0 0 0))
    )
  )

  (module LED_THT:LED_D5.0mm-4_RGB_Wide_Pins (layer F.Cu) (tedit 5B74F76E) (tstamp 5DF48CEB)
    (at 172.72 95.25 270)
    (descr "LED, diameter 5.0mm, 2 pins, diameter 5.0mm, 3 pins, diameter 5.0mm, 4 pins, http://www.kingbright.com/attachments/file/psearch/000/00/00/L-154A4SUREQBFZGEW(Ver.9A).pdf")
    (tags "LED diameter 5.0mm 2 pins diameter 5.0mm 3 pins diameter 5.0mm 4 pins RGB RGBLED")
    (path /5DF16F3D)
    (fp_text reference D3 (at 3.2385 -3.96 90) (layer F.SilkS)
      (effects (font (size 1 1) (thickness 0.15)))
    )
    (fp_text value LED_RGBA (at 3.2385 3.96 90) (layer F.Fab)
      (effects (font (size 1 1) (thickness 0.15)))
    )
    (fp_arc (start 3.2385 0) (end 0.7385 -1.469694) (angle 299.1) (layer F.Fab) (width 0.1))
    (fp_arc (start 3.2385 0) (end 0.6785 -1.54483) (angle 127.7) (layer F.SilkS) (width 0.12))
    (fp_arc (start 3.2385 0) (end 0.6785 1.54483) (angle -127.7) (layer F.SilkS) (width 0.12))
    (fp_arc (start 3.2385 0) (end 0.983816 -1.08) (angle 128.8) (layer F.SilkS) (width 0.12))
    (fp_arc (start 3.2385 0) (end 0.983816 1.08) (angle -128.8) (layer F.SilkS) (width 0.12))
    (fp_circle (center 3.2385 0) (end 5.7385 0) (layer F.Fab) (width 0.1))
    (fp_line (start 0.7385 -1.469694) (end 0.7385 1.469694) (layer F.Fab) (width 0.1))
    (fp_line (start 0.6785 -1.545) (end 0.6785 -1.08) (layer F.SilkS) (width 0.12))
    (fp_line (start 0.6785 1.08) (end 0.6785 1.545) (layer F.SilkS) (width 0.12))
    (fp_line (start -1.08 -3.25) (end -1.08 3.25) (layer F.CrtYd) (width 0.05))
    (fp_line (start -1.08 3.25) (end 7.56 3.25) (layer F.CrtYd) (width 0.05))
    (fp_line (start 7.56 3.25) (end 7.56 -3.25) (layer F.CrtYd) (width 0.05))
    (fp_line (start 7.56 -3.25) (end -1.08 -3.25) (layer F.CrtYd) (width 0.05))
    (fp_text user %R (at 3.2385 -3.96 90) (layer F.Fab)
      (effects (font (size 1 1) (thickness 0.15)))
    )
    (pad 1 thru_hole rect (at 0 0 270) (size 1.8 1.8) (drill 0.9) (layers *.Cu *.Mask)
      (net 9 "Net-(D3-Pad1)"))
    (pad 2 thru_hole circle (at 2.159 0 270) (size 1.8 1.8) (drill 0.9) (layers *.Cu *.Mask)
      (net 8 "Net-(D3-Pad2)"))
    (pad 3 thru_hole circle (at 4.318 0 270) (size 1.8 1.8) (drill 0.9) (layers *.Cu *.Mask)
      (net 7 "Net-(D3-Pad3)"))
    (pad 4 thru_hole circle (at 6.477 0 270) (size 1.8 1.8) (drill 0.9) (layers *.Cu *.Mask)
      (net 56 /GND))
    (model ${KISYS3DMOD}/LED_THT.3dshapes/LED_D5.0mm-4_RGB_Wide_Pins.wrl
      (at (xyz 0 0 0))
      (scale (xyz 1 1 1))
      (rotate (xyz 0 0 0))
    )
  )

  (module LED_THT:LED_D5.0mm-4_RGB_Wide_Pins (layer F.Cu) (tedit 5B74F76E) (tstamp 5DF48D17)
    (at 172.72 77.47 270)
    (descr "LED, diameter 5.0mm, 2 pins, diameter 5.0mm, 3 pins, diameter 5.0mm, 4 pins, http://www.kingbright.com/attachments/file/psearch/000/00/00/L-154A4SUREQBFZGEW(Ver.9A).pdf")
    (tags "LED diameter 5.0mm 2 pins diameter 5.0mm 3 pins diameter 5.0mm 4 pins RGB RGBLED")
    (path /5DF24712)
    (fp_text reference D5 (at 3.2385 -3.96 90) (layer F.SilkS)
      (effects (font (size 1 1) (thickness 0.15)))
    )
    (fp_text value LED_RGBA (at 3.2385 3.96 90) (layer F.Fab)
      (effects (font (size 1 1) (thickness 0.15)))
    )
    (fp_text user %R (at 3.2385 -3.96 90) (layer F.Fab)
      (effects (font (size 1 1) (thickness 0.15)))
    )
    (fp_line (start 7.56 -3.25) (end -1.08 -3.25) (layer F.CrtYd) (width 0.05))
    (fp_line (start 7.56 3.25) (end 7.56 -3.25) (layer F.CrtYd) (width 0.05))
    (fp_line (start -1.08 3.25) (end 7.56 3.25) (layer F.CrtYd) (width 0.05))
    (fp_line (start -1.08 -3.25) (end -1.08 3.25) (layer F.CrtYd) (width 0.05))
    (fp_line (start 0.6785 1.08) (end 0.6785 1.545) (layer F.SilkS) (width 0.12))
    (fp_line (start 0.6785 -1.545) (end 0.6785 -1.08) (layer F.SilkS) (width 0.12))
    (fp_line (start 0.7385 -1.469694) (end 0.7385 1.469694) (layer F.Fab) (width 0.1))
    (fp_circle (center 3.2385 0) (end 5.7385 0) (layer F.Fab) (width 0.1))
    (fp_arc (start 3.2385 0) (end 0.983816 1.08) (angle -128.8) (layer F.SilkS) (width 0.12))
    (fp_arc (start 3.2385 0) (end 0.983816 -1.08) (angle 128.8) (layer F.SilkS) (width 0.12))
    (fp_arc (start 3.2385 0) (end 0.6785 1.54483) (angle -127.7) (layer F.SilkS) (width 0.12))
    (fp_arc (start 3.2385 0) (end 0.6785 -1.54483) (angle 127.7) (layer F.SilkS) (width 0.12))
    (fp_arc (start 3.2385 0) (end 0.7385 -1.469694) (angle 299.1) (layer F.Fab) (width 0.1))
    (pad 4 thru_hole circle (at 6.477 0 270) (size 1.8 1.8) (drill 0.9) (layers *.Cu *.Mask)
      (net 56 /GND))
    (pad 3 thru_hole circle (at 4.318 0 270) (size 1.8 1.8) (drill 0.9) (layers *.Cu *.Mask)
      (net 15 "Net-(D5-Pad3)"))
    (pad 2 thru_hole circle (at 2.159 0 270) (size 1.8 1.8) (drill 0.9) (layers *.Cu *.Mask)
      (net 14 "Net-(D5-Pad2)"))
    (pad 1 thru_hole rect (at 0 0 270) (size 1.8 1.8) (drill 0.9) (layers *.Cu *.Mask)
      (net 13 "Net-(D5-Pad1)"))
    (model ${KISYS3DMOD}/LED_THT.3dshapes/LED_D5.0mm-4_RGB_Wide_Pins.wrl
      (at (xyz 0 0 0))
      (scale (xyz 1 1 1))
      (rotate (xyz 0 0 0))
    )
  )

  (module LED_THT:LED_D5.0mm-4_RGB_Wide_Pins (layer F.Cu) (tedit 5B74F76E) (tstamp 5DF48D2D)
    (at 172.72 68.58 270)
    (descr "LED, diameter 5.0mm, 2 pins, diameter 5.0mm, 3 pins, diameter 5.0mm, 4 pins, http://www.kingbright.com/attachments/file/psearch/000/00/00/L-154A4SUREQBFZGEW(Ver.9A).pdf")
    (tags "LED diameter 5.0mm 2 pins diameter 5.0mm 3 pins diameter 5.0mm 4 pins RGB RGBLED")
    (path /5DF24757)
    (fp_text reference D6 (at 3.2385 -3.96 90) (layer F.SilkS)
      (effects (font (size 1 1) (thickness 0.15)))
    )
    (fp_text value LED_RGBA (at 3.2385 3.96 90) (layer F.Fab)
      (effects (font (size 1 1) (thickness 0.15)))
    )
    (fp_text user %R (at 3.2385 -3.96 90) (layer F.Fab)
      (effects (font (size 1 1) (thickness 0.15)))
    )
    (fp_line (start 7.56 -3.25) (end -1.08 -3.25) (layer F.CrtYd) (width 0.05))
    (fp_line (start 7.56 3.25) (end 7.56 -3.25) (layer F.CrtYd) (width 0.05))
    (fp_line (start -1.08 3.25) (end 7.56 3.25) (layer F.CrtYd) (width 0.05))
    (fp_line (start -1.08 -3.25) (end -1.08 3.25) (layer F.CrtYd) (width 0.05))
    (fp_line (start 0.6785 1.08) (end 0.6785 1.545) (layer F.SilkS) (width 0.12))
    (fp_line (start 0.6785 -1.545) (end 0.6785 -1.08) (layer F.SilkS) (width 0.12))
    (fp_line (start 0.7385 -1.469694) (end 0.7385 1.469694) (layer F.Fab) (width 0.1))
    (fp_circle (center 3.2385 0) (end 5.7385 0) (layer F.Fab) (width 0.1))
    (fp_arc (start 3.2385 0) (end 0.983816 1.08) (angle -128.8) (layer F.SilkS) (width 0.12))
    (fp_arc (start 3.2385 0) (end 0.983816 -1.08) (angle 128.8) (layer F.SilkS) (width 0.12))
    (fp_arc (start 3.2385 0) (end 0.6785 1.54483) (angle -127.7) (layer F.SilkS) (width 0.12))
    (fp_arc (start 3.2385 0) (end 0.6785 -1.54483) (angle 127.7) (layer F.SilkS) (width 0.12))
    (fp_arc (start 3.2385 0) (end 0.7385 -1.469694) (angle 299.1) (layer F.Fab) (width 0.1))
    (pad 4 thru_hole circle (at 6.477 0 270) (size 1.8 1.8) (drill 0.9) (layers *.Cu *.Mask)
      (net 56 /GND))
    (pad 3 thru_hole circle (at 4.318 0 270) (size 1.8 1.8) (drill 0.9) (layers *.Cu *.Mask)
      (net 18 "Net-(D6-Pad3)"))
    (pad 2 thru_hole circle (at 2.159 0 270) (size 1.8 1.8) (drill 0.9) (layers *.Cu *.Mask)
      (net 17 "Net-(D6-Pad2)"))
    (pad 1 thru_hole rect (at 0 0 270) (size 1.8 1.8) (drill 0.9) (layers *.Cu *.Mask)
      (net 16 "Net-(D6-Pad1)"))
    (model ${KISYS3DMOD}/LED_THT.3dshapes/LED_D5.0mm-4_RGB_Wide_Pins.wrl
      (at (xyz 0 0 0))
      (scale (xyz 1 1 1))
      (rotate (xyz 0 0 0))
    )
  )

  (module LED_THT:LED_D5.0mm-4_RGB_Wide_Pins (layer F.Cu) (tedit 5B74F76E) (tstamp 5DF48D43)
    (at 172.72 59.69 270)
    (descr "LED, diameter 5.0mm, 2 pins, diameter 5.0mm, 3 pins, diameter 5.0mm, 4 pins, http://www.kingbright.com/attachments/file/psearch/000/00/00/L-154A4SUREQBFZGEW(Ver.9A).pdf")
    (tags "LED diameter 5.0mm 2 pins diameter 5.0mm 3 pins diameter 5.0mm 4 pins RGB RGBLED")
    (path /5DF29A81)
    (fp_text reference D7 (at 3.2385 -3.96 90) (layer F.SilkS)
      (effects (font (size 1 1) (thickness 0.15)))
    )
    (fp_text value LED_RGBA (at 3.2385 3.96 90) (layer F.Fab)
      (effects (font (size 1 1) (thickness 0.15)))
    )
    (fp_arc (start 3.2385 0) (end 0.7385 -1.469694) (angle 299.1) (layer F.Fab) (width 0.1))
    (fp_arc (start 3.2385 0) (end 0.6785 -1.54483) (angle 127.7) (layer F.SilkS) (width 0.12))
    (fp_arc (start 3.2385 0) (end 0.6785 1.54483) (angle -127.7) (layer F.SilkS) (width 0.12))
    (fp_arc (start 3.2385 0) (end 0.983816 -1.08) (angle 128.8) (layer F.SilkS) (width 0.12))
    (fp_arc (start 3.2385 0) (end 0.983816 1.08) (angle -128.8) (layer F.SilkS) (width 0.12))
    (fp_circle (center 3.2385 0) (end 5.7385 0) (layer F.Fab) (width 0.1))
    (fp_line (start 0.7385 -1.469694) (end 0.7385 1.469694) (layer F.Fab) (width 0.1))
    (fp_line (start 0.6785 -1.545) (end 0.6785 -1.08) (layer F.SilkS) (width 0.12))
    (fp_line (start 0.6785 1.08) (end 0.6785 1.545) (layer F.SilkS) (width 0.12))
    (fp_line (start -1.08 -3.25) (end -1.08 3.25) (layer F.CrtYd) (width 0.05))
    (fp_line (start -1.08 3.25) (end 7.56 3.25) (layer F.CrtYd) (width 0.05))
    (fp_line (start 7.56 3.25) (end 7.56 -3.25) (layer F.CrtYd) (width 0.05))
    (fp_line (start 7.56 -3.25) (end -1.08 -3.25) (layer F.CrtYd) (width 0.05))
    (fp_text user %R (at 3.2385 -3.96 90) (layer F.Fab)
      (effects (font (size 1 1) (thickness 0.15)))
    )
    (pad 1 thru_hole rect (at 0 0 270) (size 1.8 1.8) (drill 0.9) (layers *.Cu *.Mask)
      (net 21 "Net-(D7-Pad1)"))
    (pad 2 thru_hole circle (at 2.159 0 270) (size 1.8 1.8) (drill 0.9) (layers *.Cu *.Mask)
      (net 20 "Net-(D7-Pad2)"))
    (pad 3 thru_hole circle (at 4.318 0 270) (size 1.8 1.8) (drill 0.9) (layers *.Cu *.Mask)
      (net 19 "Net-(D7-Pad3)"))
    (pad 4 thru_hole circle (at 6.477 0 270) (size 1.8 1.8) (drill 0.9) (layers *.Cu *.Mask)
      (net 56 /GND))
    (model ${KISYS3DMOD}/LED_THT.3dshapes/LED_D5.0mm-4_RGB_Wide_Pins.wrl
      (at (xyz 0 0 0))
      (scale (xyz 1 1 1))
      (rotate (xyz 0 0 0))
    )
  )

  (module LED_THT:LED_D5.0mm-4_RGB_Wide_Pins (layer F.Cu) (tedit 5B74F76E) (tstamp 5DF48D59)
    (at 172.72 50.8 270)
    (descr "LED, diameter 5.0mm, 2 pins, diameter 5.0mm, 3 pins, diameter 5.0mm, 4 pins, http://www.kingbright.com/attachments/file/psearch/000/00/00/L-154A4SUREQBFZGEW(Ver.9A).pdf")
    (tags "LED diameter 5.0mm 2 pins diameter 5.0mm 3 pins diameter 5.0mm 4 pins RGB RGBLED")
    (path /5DF29AAB)
    (fp_text reference D8 (at 3.2385 -3.96 90) (layer F.SilkS)
      (effects (font (size 1 1) (thickness 0.15)))
    )
    (fp_text value LED_RGBA (at 3.2385 3.96 90) (layer F.Fab)
      (effects (font (size 1 1) (thickness 0.15)))
    )
    (fp_arc (start 3.2385 0) (end 0.7385 -1.469694) (angle 299.1) (layer F.Fab) (width 0.1))
    (fp_arc (start 3.2385 0) (end 0.6785 -1.54483) (angle 127.7) (layer F.SilkS) (width 0.12))
    (fp_arc (start 3.2385 0) (end 0.6785 1.54483) (angle -127.7) (layer F.SilkS) (width 0.12))
    (fp_arc (start 3.2385 0) (end 0.983816 -1.08) (angle 128.8) (layer F.SilkS) (width 0.12))
    (fp_arc (start 3.2385 0) (end 0.983816 1.08) (angle -128.8) (layer F.SilkS) (width 0.12))
    (fp_circle (center 3.2385 0) (end 5.7385 0) (layer F.Fab) (width 0.1))
    (fp_line (start 0.7385 -1.469694) (end 0.7385 1.469694) (layer F.Fab) (width 0.1))
    (fp_line (start 0.6785 -1.545) (end 0.6785 -1.08) (layer F.SilkS) (width 0.12))
    (fp_line (start 0.6785 1.08) (end 0.6785 1.545) (layer F.SilkS) (width 0.12))
    (fp_line (start -1.08 -3.25) (end -1.08 3.25) (layer F.CrtYd) (width 0.05))
    (fp_line (start -1.08 3.25) (end 7.56 3.25) (layer F.CrtYd) (width 0.05))
    (fp_line (start 7.56 3.25) (end 7.56 -3.25) (layer F.CrtYd) (width 0.05))
    (fp_line (start 7.56 -3.25) (end -1.08 -3.25) (layer F.CrtYd) (width 0.05))
    (fp_text user %R (at 3.2385 -3.96 90) (layer F.Fab)
      (effects (font (size 1 1) (thickness 0.15)))
    )
    (pad 1 thru_hole rect (at 0 0 270) (size 1.8 1.8) (drill 0.9) (layers *.Cu *.Mask)
      (net 24 "Net-(D8-Pad1)"))
    (pad 2 thru_hole circle (at 2.159 0 270) (size 1.8 1.8) (drill 0.9) (layers *.Cu *.Mask)
      (net 23 "Net-(D8-Pad2)"))
    (pad 3 thru_hole circle (at 4.318 0 270) (size 1.8 1.8) (drill 0.9) (layers *.Cu *.Mask)
      (net 22 "Net-(D8-Pad3)"))
    (pad 4 thru_hole circle (at 6.477 0 270) (size 1.8 1.8) (drill 0.9) (layers *.Cu *.Mask)
      (net 56 /GND))
    (model ${KISYS3DMOD}/LED_THT.3dshapes/LED_D5.0mm-4_RGB_Wide_Pins.wrl
      (at (xyz 0 0 0))
      (scale (xyz 1 1 1))
      (rotate (xyz 0 0 0))
    )
  )

  (module Potentiometer_THT:Potentiometer_ACP_CA9-H2,5_Horizontal (layer F.Cu) (tedit 5A3D4994) (tstamp 5DF48D77)
    (at 227.33 129.54 270)
    (descr "Potentiometer, horizontal, ACP CA9-H2,5, http://www.acptechnologies.com/wp-content/uploads/2017/05/02-ACP-CA9-CE9.pdf")
    (tags "Potentiometer horizontal ACP CA9-H2,5")
    (path /5DF1C5E5)
    (fp_text reference D9 (at 0 -3.65 90) (layer F.SilkS)
      (effects (font (size 1 1) (thickness 0.15)))
    )
    (fp_text value LinearPotentiometer_copy (at 0 8.65 90) (layer F.Fab)
      (effects (font (size 1 1) (thickness 0.15)))
    )
    (fp_line (start 4.8 -2.4) (end 4.8 7.4) (layer F.Fab) (width 0.1))
    (fp_line (start 4.8 7.4) (end 0 7.4) (layer F.Fab) (width 0.1))
    (fp_line (start 0 7.4) (end 0 -2.4) (layer F.Fab) (width 0.1))
    (fp_line (start 0 -2.4) (end 4.8 -2.4) (layer F.Fab) (width 0.1))
    (fp_line (start 0 1) (end 0 4) (layer F.Fab) (width 0.1))
    (fp_line (start 0 4) (end 4.8 4) (layer F.Fab) (width 0.1))
    (fp_line (start 4.8 4) (end 4.8 1) (layer F.Fab) (width 0.1))
    (fp_line (start 4.8 1) (end 0 1) (layer F.Fab) (width 0.1))
    (fp_line (start -0.121 -2.521) (end 4.92 -2.521) (layer F.SilkS) (width 0.12))
    (fp_line (start -0.121 7.52) (end 4.92 7.52) (layer F.SilkS) (width 0.12))
    (fp_line (start 4.92 -2.521) (end 4.92 7.52) (layer F.SilkS) (width 0.12))
    (fp_line (start -0.121 6.425) (end -0.121 7.52) (layer F.SilkS) (width 0.12))
    (fp_line (start -0.121 -2.521) (end -0.121 -1.426) (layer F.SilkS) (width 0.12))
    (fp_line (start -0.121 1.426) (end -0.121 3.575) (layer F.SilkS) (width 0.12))
    (fp_line (start 1.237 0.88) (end 4.92 0.88) (layer F.SilkS) (width 0.12))
    (fp_line (start 1.237 4.12) (end 4.92 4.12) (layer F.SilkS) (width 0.12))
    (fp_line (start -0.121 1.426) (end -0.121 3.575) (layer F.SilkS) (width 0.12))
    (fp_line (start 4.92 0.88) (end 4.92 4.12) (layer F.SilkS) (width 0.12))
    (fp_line (start -1.45 -2.7) (end -1.45 7.65) (layer F.CrtYd) (width 0.05))
    (fp_line (start -1.45 7.65) (end 5.05 7.65) (layer F.CrtYd) (width 0.05))
    (fp_line (start 5.05 7.65) (end 5.05 -2.7) (layer F.CrtYd) (width 0.05))
    (fp_line (start 5.05 -2.7) (end -1.45 -2.7) (layer F.CrtYd) (width 0.05))
    (fp_text user %R (at 2.4 2.5 90) (layer F.Fab)
      (effects (font (size 1 1) (thickness 0.15)))
    )
    (pad 3 thru_hole circle (at 0 5 270) (size 2.34 2.34) (drill 1.3) (layers *.Cu *.Mask)
      (net 26 "Net-(D9-Pad3)"))
    (pad 2 thru_hole circle (at 2.5 2.5 270) (size 2.34 2.34) (drill 1.3) (layers *.Cu *.Mask)
      (net 57 /ADC_CH1))
    (pad 1 thru_hole circle (at 0 0 270) (size 2.34 2.34) (drill 1.3) (layers *.Cu *.Mask)
      (net 25 "Net-(D9-Pad1)"))
    (model ${KISYS3DMOD}/Potentiometer_THT.3dshapes/Potentiometer_ACP_CA9-H2,5_Horizontal.wrl
      (at (xyz 0 0 0))
      (scale (xyz 1 1 1))
      (rotate (xyz 0 0 0))
    )
  )

  (module Potentiometer_THT:Potentiometer_ACP_CA9-H2,5_Horizontal (layer F.Cu) (tedit 5A3D4994) (tstamp 5DF48D95)
    (at 217.17 129.54 270)
    (descr "Potentiometer, horizontal, ACP CA9-H2,5, http://www.acptechnologies.com/wp-content/uploads/2017/05/02-ACP-CA9-CE9.pdf")
    (tags "Potentiometer horizontal ACP CA9-H2,5")
    (path /5DF1D41B)
    (fp_text reference D10 (at 0 -3.65 90) (layer F.SilkS)
      (effects (font (size 1 1) (thickness 0.15)))
    )
    (fp_text value LinearPotentiometer_copy (at 0 8.65 90) (layer F.Fab)
      (effects (font (size 1 1) (thickness 0.15)))
    )
    (fp_line (start 4.8 -2.4) (end 4.8 7.4) (layer F.Fab) (width 0.1))
    (fp_line (start 4.8 7.4) (end 0 7.4) (layer F.Fab) (width 0.1))
    (fp_line (start 0 7.4) (end 0 -2.4) (layer F.Fab) (width 0.1))
    (fp_line (start 0 -2.4) (end 4.8 -2.4) (layer F.Fab) (width 0.1))
    (fp_line (start 0 1) (end 0 4) (layer F.Fab) (width 0.1))
    (fp_line (start 0 4) (end 4.8 4) (layer F.Fab) (width 0.1))
    (fp_line (start 4.8 4) (end 4.8 1) (layer F.Fab) (width 0.1))
    (fp_line (start 4.8 1) (end 0 1) (layer F.Fab) (width 0.1))
    (fp_line (start -0.121 -2.521) (end 4.92 -2.521) (layer F.SilkS) (width 0.12))
    (fp_line (start -0.121 7.52) (end 4.92 7.52) (layer F.SilkS) (width 0.12))
    (fp_line (start 4.92 -2.521) (end 4.92 7.52) (layer F.SilkS) (width 0.12))
    (fp_line (start -0.121 6.425) (end -0.121 7.52) (layer F.SilkS) (width 0.12))
    (fp_line (start -0.121 -2.521) (end -0.121 -1.426) (layer F.SilkS) (width 0.12))
    (fp_line (start -0.121 1.426) (end -0.121 3.575) (layer F.SilkS) (width 0.12))
    (fp_line (start 1.237 0.88) (end 4.92 0.88) (layer F.SilkS) (width 0.12))
    (fp_line (start 1.237 4.12) (end 4.92 4.12) (layer F.SilkS) (width 0.12))
    (fp_line (start -0.121 1.426) (end -0.121 3.575) (layer F.SilkS) (width 0.12))
    (fp_line (start 4.92 0.88) (end 4.92 4.12) (layer F.SilkS) (width 0.12))
    (fp_line (start -1.45 -2.7) (end -1.45 7.65) (layer F.CrtYd) (width 0.05))
    (fp_line (start -1.45 7.65) (end 5.05 7.65) (layer F.CrtYd) (width 0.05))
    (fp_line (start 5.05 7.65) (end 5.05 -2.7) (layer F.CrtYd) (width 0.05))
    (fp_line (start 5.05 -2.7) (end -1.45 -2.7) (layer F.CrtYd) (width 0.05))
    (fp_text user %R (at 2.4 2.5 90) (layer F.Fab)
      (effects (font (size 1 1) (thickness 0.15)))
    )
    (pad 3 thru_hole circle (at 0 5 270) (size 2.34 2.34) (drill 1.3) (layers *.Cu *.Mask)
      (net 28 "Net-(D10-Pad3)"))
    (pad 2 thru_hole circle (at 2.5 2.5 270) (size 2.34 2.34) (drill 1.3) (layers *.Cu *.Mask)
      (net 58 /ADC_CH2))
    (pad 1 thru_hole circle (at 0 0 270) (size 2.34 2.34) (drill 1.3) (layers *.Cu *.Mask)
      (net 27 "Net-(D10-Pad1)"))
    (model ${KISYS3DMOD}/Potentiometer_THT.3dshapes/Potentiometer_ACP_CA9-H2,5_Horizontal.wrl
      (at (xyz 0 0 0))
      (scale (xyz 1 1 1))
      (rotate (xyz 0 0 0))
    )
  )

  (module Potentiometer_THT:Potentiometer_ACP_CA9-H2,5_Horizontal (layer F.Cu) (tedit 5A3D4994) (tstamp 5DF48DB3)
    (at 207.01 129.54 270)
    (descr "Potentiometer, horizontal, ACP CA9-H2,5, http://www.acptechnologies.com/wp-content/uploads/2017/05/02-ACP-CA9-CE9.pdf")
    (tags "Potentiometer horizontal ACP CA9-H2,5")
    (path /5DF1F193)
    (fp_text reference D11 (at 0 -3.65 90) (layer F.SilkS)
      (effects (font (size 1 1) (thickness 0.15)))
    )
    (fp_text value LinearPotentiometer_copy (at 0 8.65 90) (layer F.Fab)
      (effects (font (size 1 1) (thickness 0.15)))
    )
    (fp_text user %R (at 2.4 2.5 90) (layer F.Fab)
      (effects (font (size 1 1) (thickness 0.15)))
    )
    (fp_line (start 5.05 -2.7) (end -1.45 -2.7) (layer F.CrtYd) (width 0.05))
    (fp_line (start 5.05 7.65) (end 5.05 -2.7) (layer F.CrtYd) (width 0.05))
    (fp_line (start -1.45 7.65) (end 5.05 7.65) (layer F.CrtYd) (width 0.05))
    (fp_line (start -1.45 -2.7) (end -1.45 7.65) (layer F.CrtYd) (width 0.05))
    (fp_line (start 4.92 0.88) (end 4.92 4.12) (layer F.SilkS) (width 0.12))
    (fp_line (start -0.121 1.426) (end -0.121 3.575) (layer F.SilkS) (width 0.12))
    (fp_line (start 1.237 4.12) (end 4.92 4.12) (layer F.SilkS) (width 0.12))
    (fp_line (start 1.237 0.88) (end 4.92 0.88) (layer F.SilkS) (width 0.12))
    (fp_line (start -0.121 1.426) (end -0.121 3.575) (layer F.SilkS) (width 0.12))
    (fp_line (start -0.121 -2.521) (end -0.121 -1.426) (layer F.SilkS) (width 0.12))
    (fp_line (start -0.121 6.425) (end -0.121 7.52) (layer F.SilkS) (width 0.12))
    (fp_line (start 4.92 -2.521) (end 4.92 7.52) (layer F.SilkS) (width 0.12))
    (fp_line (start -0.121 7.52) (end 4.92 7.52) (layer F.SilkS) (width 0.12))
    (fp_line (start -0.121 -2.521) (end 4.92 -2.521) (layer F.SilkS) (width 0.12))
    (fp_line (start 4.8 1) (end 0 1) (layer F.Fab) (width 0.1))
    (fp_line (start 4.8 4) (end 4.8 1) (layer F.Fab) (width 0.1))
    (fp_line (start 0 4) (end 4.8 4) (layer F.Fab) (width 0.1))
    (fp_line (start 0 1) (end 0 4) (layer F.Fab) (width 0.1))
    (fp_line (start 0 -2.4) (end 4.8 -2.4) (layer F.Fab) (width 0.1))
    (fp_line (start 0 7.4) (end 0 -2.4) (layer F.Fab) (width 0.1))
    (fp_line (start 4.8 7.4) (end 0 7.4) (layer F.Fab) (width 0.1))
    (fp_line (start 4.8 -2.4) (end 4.8 7.4) (layer F.Fab) (width 0.1))
    (pad 1 thru_hole circle (at 0 0 270) (size 2.34 2.34) (drill 1.3) (layers *.Cu *.Mask)
      (net 30 "Net-(D11-Pad1)"))
    (pad 2 thru_hole circle (at 2.5 2.5 270) (size 2.34 2.34) (drill 1.3) (layers *.Cu *.Mask)
      (net 59 /ADC_CH3))
    (pad 3 thru_hole circle (at 0 5 270) (size 2.34 2.34) (drill 1.3) (layers *.Cu *.Mask)
      (net 29 "Net-(D11-Pad3)"))
    (model ${KISYS3DMOD}/Potentiometer_THT.3dshapes/Potentiometer_ACP_CA9-H2,5_Horizontal.wrl
      (at (xyz 0 0 0))
      (scale (xyz 1 1 1))
      (rotate (xyz 0 0 0))
    )
  )

  (module Potentiometer_THT:Potentiometer_ACP_CA9-H2,5_Horizontal (layer F.Cu) (tedit 5A3D4994) (tstamp 5DF48DD1)
    (at 196.85 129.54 270)
    (descr "Potentiometer, horizontal, ACP CA9-H2,5, http://www.acptechnologies.com/wp-content/uploads/2017/05/02-ACP-CA9-CE9.pdf")
    (tags "Potentiometer horizontal ACP CA9-H2,5")
    (path /5DF20F96)
    (fp_text reference D12 (at 0 -3.65 90) (layer F.SilkS)
      (effects (font (size 1 1) (thickness 0.15)))
    )
    (fp_text value LinearPotentiometer_copy (at 0 8.65 90) (layer F.Fab)
      (effects (font (size 1 1) (thickness 0.15)))
    )
    (fp_text user %R (at 2.4 2.5 90) (layer F.Fab)
      (effects (font (size 1 1) (thickness 0.15)))
    )
    (fp_line (start 5.05 -2.7) (end -1.45 -2.7) (layer F.CrtYd) (width 0.05))
    (fp_line (start 5.05 7.65) (end 5.05 -2.7) (layer F.CrtYd) (width 0.05))
    (fp_line (start -1.45 7.65) (end 5.05 7.65) (layer F.CrtYd) (width 0.05))
    (fp_line (start -1.45 -2.7) (end -1.45 7.65) (layer F.CrtYd) (width 0.05))
    (fp_line (start 4.92 0.88) (end 4.92 4.12) (layer F.SilkS) (width 0.12))
    (fp_line (start -0.121 1.426) (end -0.121 3.575) (layer F.SilkS) (width 0.12))
    (fp_line (start 1.237 4.12) (end 4.92 4.12) (layer F.SilkS) (width 0.12))
    (fp_line (start 1.237 0.88) (end 4.92 0.88) (layer F.SilkS) (width 0.12))
    (fp_line (start -0.121 1.426) (end -0.121 3.575) (layer F.SilkS) (width 0.12))
    (fp_line (start -0.121 -2.521) (end -0.121 -1.426) (layer F.SilkS) (width 0.12))
    (fp_line (start -0.121 6.425) (end -0.121 7.52) (layer F.SilkS) (width 0.12))
    (fp_line (start 4.92 -2.521) (end 4.92 7.52) (layer F.SilkS) (width 0.12))
    (fp_line (start -0.121 7.52) (end 4.92 7.52) (layer F.SilkS) (width 0.12))
    (fp_line (start -0.121 -2.521) (end 4.92 -2.521) (layer F.SilkS) (width 0.12))
    (fp_line (start 4.8 1) (end 0 1) (layer F.Fab) (width 0.1))
    (fp_line (start 4.8 4) (end 4.8 1) (layer F.Fab) (width 0.1))
    (fp_line (start 0 4) (end 4.8 4) (layer F.Fab) (width 0.1))
    (fp_line (start 0 1) (end 0 4) (layer F.Fab) (width 0.1))
    (fp_line (start 0 -2.4) (end 4.8 -2.4) (layer F.Fab) (width 0.1))
    (fp_line (start 0 7.4) (end 0 -2.4) (layer F.Fab) (width 0.1))
    (fp_line (start 4.8 7.4) (end 0 7.4) (layer F.Fab) (width 0.1))
    (fp_line (start 4.8 -2.4) (end 4.8 7.4) (layer F.Fab) (width 0.1))
    (pad 1 thru_hole circle (at 0 0 270) (size 2.34 2.34) (drill 1.3) (layers *.Cu *.Mask)
      (net 32 "Net-(D12-Pad1)"))
    (pad 2 thru_hole circle (at 2.5 2.5 270) (size 2.34 2.34) (drill 1.3) (layers *.Cu *.Mask)
      (net 60 /ADC_CH4))
    (pad 3 thru_hole circle (at 0 5 270) (size 2.34 2.34) (drill 1.3) (layers *.Cu *.Mask)
      (net 31 "Net-(D12-Pad3)"))
    (model ${KISYS3DMOD}/Potentiometer_THT.3dshapes/Potentiometer_ACP_CA9-H2,5_Horizontal.wrl
      (at (xyz 0 0 0))
      (scale (xyz 1 1 1))
      (rotate (xyz 0 0 0))
    )
  )

  (module Resistor_THT:R_Axial_DIN0204_L3.6mm_D1.6mm_P5.08mm_Vertical (layer F.Cu) (tedit 5AE5139B) (tstamp 5DF48E1E)
